15 0 1 2 27 30 12 29 19 26 8 25 22 21 20 23 31 18 28 17 3 6 24 5 7 14 16 13 10 9 4 11
15 0 1 2 27 30 4 29 19 26 12 25 22 21 24 23 31 18 28 17 3 6 16 5 7 14 20 13 10 9 8 11
15 2 0 1 27 12 29 30 19 8 25 26 21 20 22 23 31 28 17 18 3 24 5 6 7 16 13 14 9 4 10 11
15 2 0 1 27 4 29 30 19 12 25 26 21 24 22 23 31 28 17 18 3 16 5 6 7 20 13 14 9 8 10 11
15 0 29 30 1 4 10 27 21 28 22 19 8 25 18 23 31 20 5 6 26 17 24 3 7 14 12 9 16 11 2 13
15 0 29 30 1 4 2 27 21 28 22 19 10 25 24 23 31 20 5 6 26 17 16 3 7 14 12 9 18 11 8 13
15 4 29 10 0 1 27 30 21 8 19 18 25 28 22 23 31 26 5 24 17 20 3 6 7 16 9 2 11 14 12 13
15 4 29 2 0 1 27 30 21 10 19 24 25 28 22 23 31 26 5 16 17 20 3 6 7 18 9 8 11 14 12 13
15 30 0 29 2 9 4 27 22 21 28 19 8 17 26 23 31 6 20 5 25 24 18 3 7 12 13 10 16 1 11 14
15 30 0 29 2 1 4 27 22 21 28 19 9 24 26 23 31 6 20 5 25 16 18 3 7 12 13 10 17 8 11 14
15 30 4 9 0 27 2 29 22 19 8 17 26 21 28 23 31 6 25 24 18 3 20 5 7 10 16 1 11 12 13 14
15 30 4 1 0 27 2 29 22 19 9 24 26 21 28 23 31 6 25 16 18 3 20 5 7 10 17 8 11 12 13 14
15 0 1 2 19 22 12 21 23 30 8 29 26 25 20 27 31 18 28 17 11 14 24 13 3 10 16 9 6 5 4 7
15 0 1 2 19 22 4 21 23 30 12 29 26 25 24 27 31 18 28 17 11 14 16 13 3 10 20 9 6 5 8 7
15 2 0 1 19 12 21 22 23 8 29 30 25 20 26 27 31 28 17 18 11 24 13 14 3 16 9 10 5 4 6 7
15 2 0 1 19 4 21 22 23 12 29 30 25 24 26 27 31 28 17 18 11 16 13 14 3 20 9 10 5 8 6 7
15 0 29 30 25 28 26 19 1 8 6 23 4 21 18 27 31 24 9 10 11 14 12 5 22 17 20 3 16 7 2 13
15 0 29 30 25 28 26 19 1 8 2 23 6 21 20 27 31 24 9 10 11 14 12 5 22 17 16 3 18 7 4 13
15 8 29 6 25 4 19 18 0 1 23 30 21 28 26 27 31 22 9 20 11 16 5 2 17 24 3 10 7 14 12 13
15 8 29 2 25 6 19 20 0 1 23 30 21 28 26 27 31 22 9 16 11 18 5 4 17 24 3 10 7 14 12 13
15 30 0 29 26 25 28 19 2 5 8 23 4 17 22 27 31 10 24 9 11 12 13 6 21 20 18 3 16 1 7 14
15 30 0 29 26 25 28 19 2 1 8 23 5 20 22 27 31 10 24 9 11 12 13 6 21 16 18 3 17 4 7 14
15 30 8 5 26 19 4 17 0 23 2 29 22 25 28 27 31 10 21 20 11 6 16 1 18 3 24 9 7 12 13 14
15 30 8 1 26 19 5 20 0 23 2 29 22 25 28 27 31 10 21 16 11 6 17 4 18 3 24 9 7 12 13 14
15 0 21 22 1 4 10 19 23 30 28 25 8 27 18 29 31 20 13 14 26 17 24 11 5 12 6 3 16 9 2 7
15 0 21 22 1 4 2 19 23 30 28 25 10 27 24 29 31 20 13 14 26 17 16 11 5 12 6 3 18 9 8 7
15 4 21 10 0 1 19 22 23 8 25 18 27 30 28 29 31 26 13 24 17 20 11 14 5 16 3 2 9 12 6 7
15 4 21 2 0 1 19 22 23 10 25 24 27 30 28 29 31 26 13 16 17 20 11 14 5 18 3 8 9 12 6 7
15 0 25 26 27 30 28 21 1 8 6 19 4 23 18 29 31 24 13 14 9 12 10 3 22 17 20 7 16 5 2 11
15 0 25 26 27 30 28 21 1 8 2 19 6 23 20 29 31 24 13 14 9 12 10 3 22 17 16 7 18 5 4 11
15 8 25 6 27 4 21 18 0 1 19 26 23 30 28 29 31 22 13 20 9 16 3 2 17 24 7 14 5 12 10 11
15 8 25 2 27 6 21 20 0 1 19 26 23 30 28 29 31 22 13 16 9 18 3 4 17 24 7 14 5 12 10 11
15 30 28 25 0 27 26 21 4 3 2 17 8 23 22 29 31 12 13 10 24 9 11 6 19 18 16 1 20 5 7 14
15 30 28 25 0 27 26 21 4 1 3 18 8 23 22 29 31 12 13 10 24 9 11 6 19 16 17 2 20 5 7 14
15 30 28 21 8 3 2 17 0 23 22 25 4 27 26 29 31 12 13 6 19 18 16 1 20 5 7 10 24 9 11 14
15 30 28 21 8 1 3 18 0 23 22 25 4 27 26 29 31 12 13 6 19 16 17 2 20 5 7 10 24 9 11 14
15 22 0 21 2 9 4 19 23 28 29 26 8 17 27 30 31 14 20 13 25 24 18 11 6 5 12 3 16 1 10 7
15 22 0 21 2 1 4 19 23 28 29 26 9 24 27 30 31 14 20 13 25 16 18 11 6 5 12 3 17 8 10 7
15 22 4 9 0 19 2 21 23 26 8 17 27 28 29 30 31 14 25 24 18 11 20 13 6 3 16 1 10 5 12 7
15 22 4 1 0 19 2 21 23 26 9 24 27 28 29 30 31 14 25 16 18 11 20 13 6 3 17 8 10 5 12 7
15 26 0 25 27 28 29 22 2 5 8 19 4 17 23 30 31 14 24 13 10 9 12 3 21 20 18 7 16 1 6 11
15 26 0 25 27 28 29 22 2 1 8 19 5 20 23 30 31 14 24 13 10 9 12 3 21 16 18 7 17 4 6 11
15 26 8 5 27 22 4 17 0 19 2 25 23 28 29 30 31 14 21 20 10 3 16 1 18 7 24 13 6 9 12 11
15 26 8 1 27 22 5 20 0 19 2 25 23 28 29 30 31 14 21 16 10 3 17 4 18 7 24 13 6 9 12 11
15 28 29 26 0 25 27 22 4 3 2 17 8 21 23 30 31 14 12 9 24 11 10 5 19 18 16 1 20 7 6 13
15 28 29 26 0 25 27 22 4 1 3 18 8 21 23 30 31 14 12 9 24 11 10 5 19 16 17 2 20 7 6 13
15 28 29 22 8 3 2 17 0 21 23 26 4 25 27 30 31 14 12 5 19 18 16 1 20 7 6 9 24 11 10 13
15 28 29 22 8 1 3 18 0 21 23 26 4 25 27 30 31 14 12 5 19 16 17 2 20 7 6 9 24 11 10 13
23 0 1 2 27 30 20 29 31 10 28 9 3 6 24 5 11 26 16 25 14 13 12 15 7 22 8 21 18 17 4 19
23 0 1 2 27 30 4 29 31 10 28 9 3 6 8 5 11 26 20 25 14 13 24 15 7 22 12 21 18 17 16 19
23 2 0 1 27 20 29 30 31 28 9 10 3 24 5 6 11 16 25 26 13 12 14 15 7 8 21 22 17 4 18 19
23 2 0 1 27 4 29 30 31 28 9 10 3 8 5 6 11 20 25 26 13 24 14 15 7 12 21 22 17 16 18 19
23 0 29 30 1 4 18 27 31 12 5 6 26 9 24 3 13 28 14 11 16 25 10 15 7 22 20 17 8 19 2 21
23 0 29 30 1 4 2 27 31 12 5 6 26 9 8 3 13 28 14 11 18 25 24 15 7 22 20 17 10 19 16 21
23 4 29 18 0 1 27 30 31 26 5 24 9 12 3 6 13 16 11 10 25 28 14 15 7 8 17 2 19 22 20 21
23 4 29 2 0 1 27 30 31 26 5 8 9 12 3 6 13 18 11 24 25 28 14 15 7 10 17 16 19 22 20 21
23 30 0 29 2 17 4 27 31 6 12 5 25 24 10 3 14 13 28 11 16 9 26 15 7 20 21 18 8 1 19 22
23 30 0 29 2 1 4 27 31 6 12 5 25 8 10 3 14 13 28 11 17 24 26 15 7 20 21 18 9 16 19 22
23 30 4 17 0 27 2 29 31 6 25 24 10 3 12 5 14 11 16 9 26 13 28 15 7 18 8 1 19 20 21 22
23 30 4 1 0 27 2 29 31 6 25 8 10 3 12 5 14 11 17 24 26 13 28 15 7 18 9 16 19 20 21 22
23 0 1 2 11 14 20 13 31 10 28 9 19 22 24 21 15 30 16 29 26 25 12 27 3 18 8 17 6 5 4 7
23 0 1 2 11 14 4 13 31 10 28 9 19 22 8 21 15 30 20 29 26 25 24 27 3 18 12 17 6 5 16 7
23 2 0 1 11 20 13 14 31 28 9 10 19 24 21 22 15 16 29 30 25 12 26 27 3 8 17 18 5 4 6 7
23 2 0 1 11 4 13 14 31 28 9 10 19 8 21 22 15 20 29 30 25 24 26 27 3 12 17 18 5 16 6 7
23 0 29 30 25 28 26 11 31 24 17 18 19 22 20 5 1 16 6 15 4 13 10 27 14 9 12 3 8 7 2 21
23 0 29 30 25 28 26 11 31 24 17 18 19 22 20 5 1 16 2 15 6 13 12 27 14 9 8 3 10 7 4 21
23 16 29 6 25 4 11 10 31 14 17 12 19 8 5 2 0 1 15 30 13 28 26 27 9 24 3 18 7 22 20 21
23 16 29 2 25 6 11 12 31 14 17 8 19 10 5 4 0 1 15 30 13 28 26 27 9 24 3 18 7 22 20 21
23 30 0 29 26 25 28 11 31 18 24 17 19 20 21 6 2 5 16 15 4 9 14 27 13 12 10 3 8 1 7 22
23 30 0 29 26 25 28 11 31 18 24 17 19 20 21 6 2 1 16 15 5 12 14 27 13 8 10 3 9 4 7 22
23 30 16 5 26 11 4 9 31 18 13 12 19 6 8 1 0 15 2 29 14 25 28 27 10 3 24 17 7 20 21 22
23 30 16 1 26 11 5 12 31 18 13 8 19 6 9 4 0 15 2 29 14 25 28 27 10 3 24 17 7 20 21 22
23 0 13 14 1 4 18 11 31 12 21 22 26 9 24 19 15 30 28 25 16 27 10 29 5 20 6 3 8 17 2 7
23 0 13 14 1 4 2 11 31 12 21 22 26 9 8 19 15 30 28 25 18 27 24 29 5 20 6 3 10 17 16 7
23 4 13 18 0 1 11 14 31 26 21 24 9 12 19 22 15 16 25 10 27 30 28 29 5 8 3 2 17 20 6 7
23 4 13 2 0 1 11 14 31 26 21 8 9 12 19 22 15 18 25 24 27 30 28 29 5 10 3 16 17 20 6 7
23 0 25 26 27 30 28 13 31 24 21 22 17 20 18 3 1 16 6 11 4 15 10 29 14 9 12 7 8 5 2 19
23 0 25 26 27 30 28 13 31 24 21 22 17 20 18 3 1 16 2 11 6 15 12 29 14 9 8 7 10 5 4 19
23 16 25 6 27 4 13 10 31 14 21 12 17 8 3 2 0 1 11 26 15 30 28 29 9 24 7 22 5 20 18 19
23 16 25 2 27 6 13 12 31 14 21 8 17 10 3 4 0 1 11 26 15 30 28 29 9 24 7 22 5 20 18 19
23 30 28 25 0 27 26 13 31 20 21 18 24 17 19 6 4 3 2 9 16 15 14 29 11 10 8 1 12 5 7 22
23 30 28 25 0 27 26 13 31 20 21 18 24 17 19 6 4 1 3 10 16 15 14 29 11 8 9 2 12 5 7 22
23 30 28 13 16 3 2 9 31 20 21 6 11 10 8 1 0 15 14 25 4 27 26 29 12 5 7 18 24 17 19 22
23 30 28 13 16 1 3 10 31 20 21 6 11 8 9 2 0 15 14 25 4 27 26 29 12 5 7 18 24 17 19 22
23 14 0 13 2 17 4 11 31 22 12 21 25 24 10 19 15 28 29 26 16 9 27 30 6 5 20 3 8 1 18 7
23 14 0 13 2 1 4 11 31 22 12 21 25 8 10 19 15 28 29 26 17 24 27 30 6 5 20 3 9 16 18 7
23 14 4 17 0 11 2 13 31 22 25 24 10 19 12 21 15 26 16 9 27 28 29 30 6 3 8 1 18 5 20 7
23 14 4 1 0 11 2 13 31 22 25 8 10 19 12 21 15 26 17 24 27 28 29 30 6 3 9 16 18 5 20 7
23 26 0 25 27 28 29 14 31 22 24 21 18 17 20 3 2 5 16 11 4 9 15 30 13 12 10 7 8 1 6 19
23 26 0 25 27 28 29 14 31 22 24 21 18 17 20 3 2 1 16 11 5 12 15 30 13 8 10 7 9 4 6 19
23 26 16 5 27 14 4 9 31 22 13 12 18 3 8 1 0 11 2 25 15 28 29 30 10 7 24 21 6 17 20 19
23 26 16 1 27 14 5 12 31 22 13 8 18 3 9 4 0 11 2 25 15 28 29 30 10 7 24 21 6 17 20 19
23 28 29 26 0 25 27 14 31 22 20 17 24 19 18 5 4 3 2 9 16 13 15 30 11 10 8 1 12 7 6 21
23 28 29 26 0 25 27 14 31 22 20 17 24 19 18 5 4 1 3 10 16 13 15 30 11 8 9 2 12 7 6 21
23 28 29 14 16 3 2 9 31 22 20 5 11 10 8 1 0 13 15 26 4 25 27 30 12 7 6 17 24 19 18 21
23 28 29 14 16 1 3 10 31 22 20 5 11 8 9 2 0 13 15 26 4 25 27 30 12 7 6 17 24 19 18 21
27 0 1 2 31 6 28 5 23 30 24 29 3 10 20 9 7 22 16 21 11 26 4 25 14 13 12 15 18 17 8 19
27 0 1 2 31 6 28 5 23 30 8 29 3 10 4 9 7 22 24 21 11 26 12 25 14 13 20 15 18 17 16 19
27 2 0 1 31 28 5 6 23 24 29 30 3 20 9 10 7 16 21 22 11 4 25 26 13 12 14 15 17 8 18 19
27 2 0 1 31 28 5 6 23 8 29 30 3 4 9 10 7 24 21 22 11 12 25 26 13 20 14 15 17 16 18 19
27 0 29 30 31 12 9 10 1 8 18 23 22 5 20 3 13 28 14 7 11 26 24 17 16 21 6 15 4 19 2 25
27 0 29 30 31 12 9 10 1 8 2 23 22 5 4 3 13 28 14 7 11 26 24 17 18 21 20 15 6 19 16 25
27 8 29 18 31 22 9 20 0 1 23 30 5 12 3 10 13 16 7 6 11 4 17 2 21 28 14 15 19 26 24 25
27 8 29 2 31 22 9 4 0 1 23 30 5 12 3 10 13 18 7 20 11 6 17 16 21 28 14 15 19 26 24 25
27 30 0 29 31 10 12 9 2 17 8 23 21 20 6 3 14 13 28 7 11 24 25 18 16 5 22 15 4 1 19 26
27 30 0 29 31 10 12 9 2 1 8 23 21 4 6 3 14 13 28 7 11 24 25 18 17 20 22 15 5 16 19 26
27 30 8 17 31 10 21 20 0 23 2 29 6 3 12 9 14 7 16 5 11 18 4 1 22 13 28 15 19 24 25 26
27 30 8 1 31 10 21 4 0 23 2 29 6 3 12 9 14 7 17 20 11 18 5 16 22 13 28 15 19 24 25 26
27 0 1 2 31 6 28 5 7 14 24 13 19 26 20 25 15 30 16 29 3 18 4 17 22 21 12 23 10 9 8 11
27 0 1 2 31 6 28 5 7 14 8 13 19 26 4 25 15 30 24 29 3 18 12 17 22 21 20 23 10 9 16 11
27 2 0 1 31 28 5 6 7 24 13 14 19 20 25 26 15 16 29 30 3 4 17 18 21 12 22 23 9 8 10 11
27 2 0 1 31 28 5 6 7 8 13 14 19 4 25 26 15 24 29 30 3 12 17 18 21 20 22 23 9 16 10 11
27 0 29 30 31 20 17 18 21 28 22 7 19 26 24 9 1 16 10 15 14 5 12 3 8 13 6 23 4 11 2 25
27 0 29 30 31 20 17 18 21 28 22 7 19 26 24 9 1 16 2 15 14 5 4 3 10 13 12 23 6 11 8 25
27 16 29 10 31 14 17 12 21 8 7 6 19 4 9 2 0 1 15 30 5 20 3 18 13 28 22 23 11 26 24 25
27 16 29 2 31 14 17 4 21 10 7 12 19 6 9 8 0 1 15 30 5 20 3 18 13 28 22 23 11 26 24 25
27 30 0 29 31 18 20 17 22 21 28 7 19 24 25 10 2 9 16 15 13 12 6 3 8 5 14 23 4 1 11 26
27 30 0 29 31 18 20 17 22 21 28 7 19 24 25 10 2 1 16 15 13 4 6 3 9 12 14 23 5 8 11 26
27 30 16 9 31 18 13 12 22 7 8 5 19 10 4 1 0 15 2 29 6 3 20 17 14 21 28 23 11 24 25 26
27 30 16 1 31 18 13 4 22 7 9 12 19 10 5 8 0 15 2 29 6 3 20 17 14 21 28 23 11 24 25 26
27 0 13 14 31 12 25 26 1 8 18 7 22 5 20 19 15 30 28 21 9 24 10 3 16 23 6 29 4 17 2 11
27 0 13 14 31 12 25 26 1 8 2 7 22 5 4 19 15 30 28 21 9 24 10 3 18 23 20 29 6 17 16 11
27 8 13 18 31 22 25 20 0 1 7 14 5 12 19 26 15 16 21 6 9 4 3 2 23 30 28 29 17 24 10 11
27 8 13 2 31 22 25 4 0 1 7 14 5 12 19 26 15 18 21 20 9 6 3 16 23 30 28 29 17 24 10 11
27 0 21 22 31 20 25 26 23 30 28 13 17 24 18 3 1 16 10 7 14 5 12 11 8 15 6 29 4 9 2 19
27 0 21 22 31 20 25 26 23 30 28 13 17 24 18 3 1 16 2 7 14 5 4 11 10 15 12 29 6 9 8 19
27 16 21 10 31 14 25 12 23 8 13 6 17 4 3 2 0 1 7 22 5 20 11 26 15 30 28 29 9 24 18 19
27 16 21 2 31 14 25 4 23 10 13 12 17 6 3 8 0 1 7 22 5 20 11 26 15 30 28 29 9 24 18 19
27 30 28 21 31 24 25 18 0 23 22 13 20 17 19 10 8 3 2 5 7 6 4 1 16 15 14 29 12 9 11 26
27 30 28 21 31 24 25 18 0 23 22 13 20 17 19 10 8 1 3 6 7 4 5 2 16 15 14 29 12 9 11 26
27 30 28 13 31 24 25 10 16 3 2 5 7 6 4 1 0 15 14 21 12 9 11 18 8 23 22 29 20 17 19 26
27 30 28 13 31 24 25 10 16 1 3 6 7 4 5 2 0 15 14 21 12 9 11 18 8 23 22 29 20 17 19 26
27 14 0 13 31 26 12 25 2 17 8 7 21 20 6 19 15 28 29 22 10 9 24 3 16 5 23 30 4 1 18 11
27 14 0 13 31 26 12 25 2 1 8 7 21 4 6 19 15 28 29 22 10 9 24 3 17 20 23 30 5 16 18 11
27 14 8 17 31 26 21 20 0 7 2 13 6 19 12 25 15 22 16 5 10 3 4 1 23 28 29 30 18 9 24 11
27 14 8 1 31 26 21 4 0 7 2 13 6 19 12 25 15 22 17 20 10 3 5 16 23 28 29 30 18 9 24 11
27 22 0 21 31 26 20 25 23 28 29 14 18 17 24 3 2 9 16 7 13 12 6 11 8 5 15 30 4 1 10 19
27 22 0 21 31 26 20 25 23 28 29 14 18 17 24 3 2 1 16 7 13 4 6 11 9 12 15 30 5 8 10 19
27 22 16 9 31 26 13 12 23 14 8 5 18 3 4 1 0 7 2 21 6 11 20 25 15 28 29 30 10 17 24 19
27 22 16 1 31 26 13 4 23 14 9 12 18 3 5 8 0 7 2 21 6 11 20 25 15 28 29 30 10 17 24 19
27 28 29 22 31 26 24 17 0 21 23 14 20 19 18 9 8 3 2 5 7 6 4 1 16 13 15 30 12 11 10 25
27 28 29 22 31 26 24 17 0 21 23 14 20 19 18 9 8 1 3 6 7 4 5 2 16 13 15 30 12 11 10 25
27 28 29 14 31 26 24 9 16 3 2 5 7 6 4 1 0 13 15 22 12 11 10 17 8 21 23 30 20 19 18 25
27 28 29 14 31 26 24 9 16 1 3 6 7 4 5 2 0 13 15 22 12 11 10 17 8 21 23 30 20 19 18 25
29 0 31 6 1 4 26 3 23 30 5 12 24 27 18 9 7 22 13 28 16 19 2 25 14 11 20 17 10 15 8 21
29 0 31 6 1 4 26 3 23 30 5 12 8 27 2 9 7 22 13 28 24 19 10 25 14 11 20 17 18 15 16 21
29 4 31 26 0 1 3 6 23 24 5 18 27 30 9 12 7 16 13 2 19 22 25 28 11 10 17 8 14 15 20 21
29 4 31 26 0 1 3 6 23 8 5 2 27 30 9 12 7 24 13 10 19 22 25 28 11 18 17 16 14 15 20 21
29 0 31 10 27 30 9 12 1 8 22 3 20 23 18 5 11 26 13 28 14 7 24 17 16 19 2 21 6 15 4 25
29 0 31 10 27 30 9 12 1 8 22 3 4 23 2 5 11 26 13 28 14 7 24 17 20 19 6 21 18 15 16 25
29 8 31 22 27 20 9 18 0 1 3 10 23 30 5 12 11 16 13 2 7 6 17 4 19 26 21 28 14 15 24 25
29 8 31 22 27 4 9 2 0 1 3 10 23 30 5 12 11 20 13 6 7 18 17 16 19 26 21 28 14 15 24 25
29 30 31 12 0 27 10 9 4 17 19 18 8 23 6 5 14 11 13 24 26 7 25 20 16 3 2 1 22 15 21 28
29 30 31 12 0 27 10 9 4 1 19 2 8 23 6 5 14 11 13 24 26 7 25 20 17 18 3 16 22 15 21 28
29 30 31 12 8 17 19 18 0 23 6 5 4 27 10 9 14 7 13 20 16 3 2 1 22 11 21 24 26 15 25 28
29 30 31 12 8 1 19 2 0 23 6 5 4 27 10 9 14 7 13 20 17 18 3 16 22 11 21 24 26 15 25 28
29 0 31 6 1 4 26 3 7 14 21 28 24 11 18 25 15 30 5 20 16 27 2 17 22 19 12 9 10 23 8 13
29 0 31 6 1 4 26 3 7 14 21 28 8 11 2 25 15 30 5 20 24 27 10 17 22 19 12 9 18 23 16 13
29 4 31 26 0 1 3 6 7 24 21 18 11 14 25 28 15 16 5 2 27 30 17 20 19 10 9 8 22 23 12 13
29 4 31 26 0 1 3 6 7 8 21 2 11 14 25 28 15 24 5 10 27 30 17 20 19 18 9 16 22 23 12 13
29 0 31 18 27 30 17 20 19 26 21 28 22 7 24 9 1 16 14 3 12 15 10 5 8 11 2 13 6 23 4 25
29 0 31 18 27 30 17 20 19 26 21 28 22 7 24 9 1 16 14 3 4 15 2 5 12 11 6 13 10 23 8 25
29 16 31 14 27 12 17 10 19 8 21 2 7 6 9 4 0 1 3 18 15 30 5 20 11 26 13 28 22 23 24 25
29 16 31 14 27 4 17 2 19 12 21 6 7 10 9 8 0 1 3 18 15 30 5 20 11 26 13 28 22 23 24 25
29 30 31 20 0 27 18 17 22 19 21 24 26 7 25 12 4 9 11 10 16 15 6 5 8 3 2 1 14 23 13 28
29 30 31 20 0 27 18 17 22 19 21 24 26 7 25 12 4 1 11 2 16 15 6 5 9 10 3 8 14 23 13 28
29 30 31 20 16 9 11 10 22 7 21 12 8 3 2 1 0 15 6 5 4 27 18 17 14 19 13 24 26 23 25 28
29 30 31 20 16 1 11 2 22 7 21 12 9 10 3 8 0 15 6 5 4 27 18 17 14 19 13 24 26 23 25 28
29 0 31 10 11 14 25 28 1 8 22 3 20 7 18 21 15 30 9 24 26 19 12 5 16 23 2 17 6 27 4 13
29 0 31 10 11 14 25 28 1 8 22 3 4 7 2 21 15 30 9 24 26 19 12 5 20 23 6 17 18 27 16 13
29 8 31 22 11 20 25 18 0 1 3 10 7 14 21 28 15 16 9 2 19 6 5 4 23 30 17 24 26 27 12 13
29 8 31 22 11 4 25 2 0 1 3 10 7 14 21 28 15 20 9 6 19 18 5 16 23 30 17 24 26 27 12 13
29 0 31 18 19 22 25 28 23 30 17 24 26 11 20 5 1 16 14 3 12 7 10 13 8 15 2 9 6 27 4 21
29 0 31 18 19 22 25 28 23 30 17 24 26 11 20 5 1 16 14 3 4 7 2 13 12 15 6 9 10 27 8 21
29 16 31 14 19 12 25 10 23 8 17 2 11 6 5 4 0 1 3 18 7 22 13 28 15 30 9 24 26 27 20 21
29 16 31 14 19 4 25 2 23 12 17 6 11 10 5 8 0 1 3 18 7 22 13 28 15 30 9 24 26 27 20 21
29 30 31 24 26 19 25 20 0 23 18 17 22 11 21 12 8 5 7 6 4 3 2 1 16 15 10 9 14 27 13 28
29 30 31 24 26 19 25 20 0 23 18 17 22 11 21 12 8 1 7 2 5 6 3 4 16 15 10 9 14 27 13 28
29 30 31 24 26 11 25 12 16 5 7 6 4 3 2 1 0 15 10 9 14 19 13 20 8 23 18 17 22 27 21 28
29 30 31 24 26 11 25 12 16 1 7 2 5 6 3 4 0 15 10 9 14 19 13 20 8 23 18 17 22 27 21 28
29 14 31 28 0 11 10 25 4 17 19 18 8 7 6 21 15 26 12 9 27 22 24 5 16 3 2 1 23 30 20 13
29 14 31 28 0 11 10 25 4 1 19 2 8 7 6 21 15 26 12 9 27 22 24 5 17 18 3 16 23 30 20 13
29 14 31 28 8 17 19 18 0 7 6 21 4 11 10 25 15 22 12 5 16 3 2 1 23 26 20 9 27 30 24 13
29 14 31 28 8 1 19 2 0 7 6 21 4 11 10 25 15 22 12 5 17 18 3 16 23 26 20 9 27 30 24 13
29 22 31 28 0 19 18 25 23 26 20 17 27 14 24 5 4 9 11 10 16 7 6 13 8 3 2 1 15 30 12 21
29 22 31 28 0 19 18 25 23 26 20 17 27 14 24 5 4 1 11 2 16 7 6 13 9 10 3 8 15 30 12 21
29 22 31 28 16 9 11 10 23 14 20 5 8 3 2 1 0 7 6 13 4 19 18 25 15 26 12 17 27 30 24 21
29 22 31 28 16 1 11 2 23 14 20 5 9 10 3 8 0 7 6 13 4 19 18 25 15 26 12 17 27 30 24 21
29 26 31 28 27 22 24 17 0 19 18 21 23 14 20 9 8 5 7 6 4 3 2 1 16 11 10 13 15 30 12 25
29 26 31 28 27 22 24 17 0 19 18 21 23 14 20 9 8 1 7 2 5 6 3 4 16 11 10 13 15 30 12 25
29 26 31 28 27 14 24 9 16 5 7 6 4 3 2 1 0 11 10 13 15 22 12 17 8 19 18 21 23 30 20 25
29 26 31 28 27 14 24 9 16 1 7 2 5 6 3 4 0 11 10 13 15 22 12 17 8 19 18 21 23 30 20 25
30 31 0 5 2 25 4 3 23 6 29 12 24 17 27 10 7 14 21 28 16 1 19 26 13 20 11 18 9 8 15 22
30 31 0 5 2 25 4 3 23 6 29 12 8 1 27 10 7 14 21 28 24 9 19 26 13 20 11 18 17 16 15 22
30 31 4 25 0 3 2 5 23 6 24 17 27 10 29 12 7 14 16 1 19 26 21 28 11 18 9 8 13 20 15 22
30 31 4 25 0 3 2 5 23 6 8 1 27 10 29 12 7 14 24 9 19 26 21 28 11 18 17 16 13 20 15 22
30 31 0 9 27 10 29 12 2 21 8 3 20 17 23 6 11 14 25 28 13 24 7 18 16 1 19 22 5 4 15 26
30 31 0 9 27 10 29 12 2 21 8 3 4 1 23 6 11 14 25 28 13 24 7 18 20 5 19 22 17 16 15 26
30 31 8 21 27 10 20 17 0 3 2 9 23 6 29 12 11 14 16 1 7 18 5 4 19 22 25 28 13 24 15 26
30 31 8 21 27 10 4 1 0 3 2 9 23 6 29 12 11 14 20 5 7 18 17 16 19 22 25 28 13 24 15 26
30 31 29 12 0 9 27 10 4 19 18 17 8 5 23 6 13 14 11 24 25 26 7 20 16 1 3 2 21 22 15 28
30 31 29 12 0 9 27 10 4 19 2 1 8 5 23 6 13 14 11 24 25 26 7 20 18 3 17 16 21 22 15 28
30 31 29 12 8 19 18 17 0 5 23 6 4 9 27 10 13 14 7 20 16 1 3 2 21 22 11 24 25 26 15 28
30 31 29 12 8 19 2 1 0 5 23 6 4 9 27 10 13 14 7 20 18 3 17 16 21 22 11 24 25 26 15 28
30 31 0 5 2 25 4 3 7 22 13 28 24 17 11 26 15 6 29 20 16 1 27 18 21 12 19 10 9 8 23 14
30 31 0 5 2 25 4 3 7 22 13 28 8 1 11 26 15 6 29 20 24 9 27 18 21 12 19 10 17 16 23 14
30 31 4 25 0 3 2 5 7 22 24 17 11 26 13 28 15 6 16 1 27 18 29 20 19 10 9 8 21 12 23 14
30 31 4 25 0 3 2 5 7 22 8 1 11 26 13 28 15 6 24 9 27 18 29 20 19 10 17 16 21 12 23 14
30 31 0 17 27 18 29 20 19 22 25 28 21 24 7 10 2 13 16 3 12 9 15 6 8 1 11 14 5 4 23 26
30 31 0 17 27 18 29 20 19 22 25 28 21 24 7 10 2 13 16 3 4 1 15 6 12 5 11 14 9 8 23 26
30 31 16 13 27 18 12 9 19 22 8 1 7 10 5 4 0 3 2 17 15 6 29 20 11 14 25 28 21 24 23 26
30 31 16 13 27 18 4 1 19 22 12 5 7 10 9 8 0 3 2 17 15 6 29 20 11 14 25 28 21 24 23 26
30 31 29 20 0 17 27 18 21 22 19 24 25 26 7 12 4 11 10 9 16 5 15 6 8 1 3 2 13 14 23 28
30 31 29 20 0 17 27 18 21 22 19 24 25 26 7 12 4 11 2 1 16 5 15 6 10 3 9 8 13 14 23 28
30 31 29 20 16 11 10 9 21 22 7 12 8 1 3 2 0 5 15 6 4 17 27 18 13 14 19 24 25 26 23 28
30 31 29 20 16 11 2 1 21 22 7 12 10 3 9 8 0 5 15 6 4 17 27 18 13 14 19 24 25 26 23 28
30 31 0 9 11 26 13 28 2 21 8 3 20 17 7 22 15 10 29 24 25 12 19 6 16 1 23 18 5 4 27 14
30 31 0 9 11 26 13 28 2 21 8 3 4 1 7 22 15 10 29 24 25 12 19 6 20 5 23 18 17 16 27 14
30 31 8 21 11 26 20 17 0 3 2 9 7 22 13 28 15 10 16 1 19 6 5 4 23 18 29 24 25 12 27 14
30 31 8 21 11 26 4 1 0 3 2 9 7 22 13 28 15 10 20 5 19 6 17 16 23 18 29 24 25 12 27 14
30 31 0 17 19 26 21 28 23 18 29 24 25 20 11 6 2 13 16 3 12 9 7 14 8 1 15 10 5 4 27 22
30 31 0 17 19 26 21 28 23 18 29 24 25 20 11 6 2 13 16 3 4 1 7 14 12 5 15 10 9 8 27 22
30 31 16 13 19 26 12 9 23 18 8 1 11 6 5 4 0 3 2 17 7 14 21 28 15 10 29 24 25 20 27 22
30 31 16 13 19 26 4 1 23 18 12 5 11 6 9 8 0 3 2 17 7 14 21 28 15 10 29 24 25 20 27 22
30 31 29 24 25 26 19 20 0 17 23 18 21 22 11 12 8 7 6 5 4 1 3 2 16 9 15 10 13 14 27 28
30 31 29 24 25 26 19 20 0 17 23 18 21 22 11 12 8 7 2 1 6 3 5 4 16 9 15 10 13 14 27 28
30 31 29 24 25 26 11 12 16 7 6 5 4 1 3 2 0 9 15 10 13 14 19 20 8 17 23 18 21 22 27 28
30 31 29 24 25 26 11 12 16 7 2 1 6 3 5 4 0 9 15 10 13 14 19 20 8 17 23 18 21 22 27 28
30 31 13 28 0 9 11 26 4 19 18 17 8 5 7 22 15 12 25 10 27 24 21 6 16 1 3 2 23 20 29 14
30 31 13 28 0 9 11 26 4 19 2 1 8 5 7 22 15 12 25 10 27 24 21 6 18 3 17 16 23 20 29 14
30 31 13 28 8 19 18 17 0 5 7 22 4 9 11 26 15 12 21 6 16 1 3 2 23 20 25 10 27 24 29 14
30 31 13 28 8 19 2 1 0 5 7 22 4 9 11 26 15 12 21 6 18 3 17 16 23 20 25 10 27 24 29 14
30 31 21 28 0 17 19 26 23 20 25 18 27 24 13 6 4 11 10 9 16 5 7 14 8 1 3 2 15 12 29 22
30 31 21 28 0 17 19 26 23 20 25 18 27 24 13 6 4 11 2 1 16 5 7 14 10 3 9 8 15 12 29 22
30 31 21 28 16 11 10 9 23 20 13 6 8 1 3 2 0 5 7 14 4 17 19 26 15 12 25 18 27 24 29 22
30 31 21 28 16 11 2 1 23 20 13 6 10 3 9 8 0 5 7 14 4 17 19 26 15 12 25 18 27 24 29 22
30 31 25 28 27 24 21 18 0 17 19 22 23 20 13 10 8 7 6 5 4 1 3 2 16 9 11 14 15 12 29 26
30 31 25 28 27 24 21 18 0 17 19 22 23 20 13 10 8 7 2 1 6 3 5 4 16 9 11 14 15 12 29 26
30 31 25 28 27 24 13 10 16 7 6 5 4 1 3 2 0 9 11 14 15 12 21 18 8 17 19 22 23 20 29 26
30 31 25 28 27 24 13 10 16 7 2 1 6 3 5 4 0 9 11 14 15 12 21 18 8 17 19 22 23 20 29 26
31 10 28 9 3 6 24 5 23 0 1 2 27 30 20 29 7 22 8 21 18 17 4 19 11 26 16 25 14 13 12 15
31 10 28 9 3 6 8 5 23 0 1 2 27 30 4 29 7 22 12 21 18 17 16 19 11 26 20 25 14 13 24 15
31 28 9 10 3 24 5 6 23 2 0 1 27 20 29 30 7 8 21 22 17 4 18 19 11 16 25 26 13 12 14 15
31 28 9 10 3 8 5 6 23 2 0 1 27 4 29 30 7 12 21 22 17 16 18 19 11 20 25 26 13 24 14 15
31 12 5 6 26 9 24 3 23 0 29 30 1 4 18 27 7 22 20 17 8 19 2 21 13 28 14 11 16 25 10 15
31 12 5 6 26 9 8 3 23 0 29 30 1 4 2 27 7 22 20 17 10 19 16 21 13 28 14 11 18 25 24 15
31 26 5 24 9 12 3 6 23 4 29 18 0 1 27 30 7 8 17 2 19 22 20 21 13 16 11 10 25 28 14 15
31 26 5 8 9 12 3 6 23 4 29 2 0 1 27 30 7 10 17 16 19 22 20 21 13 18 11 24 25 28 14 15
31 6 12 5 25 24 10 3 23 30 0 29 2 17 4 27 7 20 21 18 8 1 19 22 14 13 28 11 16 9 26 15
31 6 12 5 25 8 10 3 23 30 0 29 2 1 4 27 7 20 21 18 9 16 19 22 14 13 28 11 17 24 26 15
31 6 25 24 10 3 12 5 23 30 4 17 0 27 2 29 7 18 8 1 19 20 21 22 14 11 16 9 26 13 28 15
31 6 25 8 10 3 12 5 23 30 4 1 0 27 2 29 7 18 9 16 19 20 21 22 14 11 17 24 26 13 28 15
31 6 28 5 27 0 1 2 3 10 20 9 23 30 24 29 11 26 4 25 7 22 16 21 18 17 8 19 14 13 12 15
31 6 28 5 27 0 1 2 3 10 4 9 23 30 8 29 11 26 12 25 7 22 24 21 18 17 16 19 14 13 20 15
31 28 5 6 27 2 0 1 3 20 9 10 23 24 29 30 11 4 25 26 7 16 21 22 17 8 18 19 13 12 14 15
31 28 5 6 27 2 0 1 3 4 9 10 23 8 29 30 11 12 25 26 7 24 21 22 17 16 18 19 13 20 14 15
31 12 9 10 27 0 29 30 22 5 20 3 1 8 18 23 11 26 24 17 13 28 14 7 4 19 2 25 16 21 6 15
31 12 9 10 27 0 29 30 22 5 4 3 1 8 2 23 11 26 24 17 13 28 14 7 6 19 16 25 18 21 20 15
31 22 9 20 27 8 29 18 5 12 3 10 0 1 23 30 11 4 17 2 13 16 7 6 19 26 24 25 21 28 14 15
31 22 9 4 27 8 29 2 5 12 3 10 0 1 23 30 11 6 17 16 13 18 7 20 19 26 24 25 21 28 14 15
31 10 12 9 27 30 0 29 21 20 6 3 2 17 8 23 11 24 25 18 14 13 28 7 4 1 19 26 16 5 22 15
31 10 12 9 27 30 0 29 21 4 6 3 2 1 8 23 11 24 25 18 14 13 28 7 5 16 19 26 17 20 22 15
31 10 21 20 27 30 8 17 6 3 12 9 0 23 2 29 11 18 4 1 14 7 16 5 19 24 25 26 22 13 28 15
31 10 21 4 27 30 8 1 6 3 12 9 0 23 2 29 11 18 5 16 14 7 17 20 19 24 25 26 22 13 28 15
31 6 29 0 26 3 1 4 5 12 23 30 18 9 24 27 13 28 7 22 2 25 16 19 20 17 14 11 8 21 10 15
31 6 29 0 26 3 1 4 5 12 23 30 2 9 8 27 13 28 7 22 10 25 24 19 20 17 14 11 16 21 18 15
31 26 29 4 3 6 0 1 5 18 23 24 9 12 27 30 13 2 7 16 25 28 19 22 17 8 11 10 20 21 14 15
31 26 29 4 3 6 0 1 5 2 23 8 9 12 27 30 13 10 7 24 25 28 19 22 17 16 11 18 20 21 14 15
31 10 29 0 9 12 27 30 22 3 1 8 18 5 20 23 13 28 11 26 24 17 14 7 2 21 16 19 4 25 6 15
31 10 29 0 9 12 27 30 22 3 1 8 2 5 4 23 13 28 11 26 24 17 14 7 6 21 20 19 16 25 18 15
31 22 29 8 9 18 27 20 3 10 0 1 5 12 23 30 13 2 11 16 17 4 7 6 21 28 19 26 24 25 14 15
31 22 29 8 9 2 27 4 3 10 0 1 5 12 23 30 13 6 11 20 17 16 7 18 21 28 19 26 24 25 14 15
31 12 29 30 10 9 0 27 19 18 4 17 6 5 8 23 13 24 14 11 25 20 26 7 2 1 16 3 21 28 22 15
31 12 29 30 10 9 0 27 19 2 4 1 6 5 8 23 13 24 14 11 25 20 26 7 3 16 17 18 21 28 22 15
31 12 29 30 19 18 8 17 6 5 0 23 10 9 4 27 13 20 14 7 2 1 16 3 21 24 22 11 25 28 26 15
31 12 29 30 19 2 8 1 6 5 0 23 10 9 4 27 13 20 14 7 3 16 17 18 21 24 22 11 25 28 26 15
31 30 5 0 25 2 3 4 6 23 12 29 17 24 10 27 14 7 28 21 1 16 26 19 20 13 18 11 8 9 22 15
31 30 5 0 25 2 3 4 6 23 12 29 1 8 10 27 14 7 28 21 9 24 26 19 20 13 18 11 16 17 22 15
31 30 25 4 3 0 5 2 6 23 17 24 10 27 12 29 14 7 1 16 26 19 28 21 18 11 8 9 20 13 22 15
31 30 25 4 3 0 5 2 6 23 1 8 10 27 12 29 14 7 9 24 26 19 28 21 18 11 16 17 20 13 22 15
31 30 9 0 10 27 12 29 21 2 3 8 17 20 6 23 14 11 28 25 24 13 18 7 1 16 22 19 4 5 26 15
31 30 9 0 10 27 12 29 21 2 3 8 1 4 6 23 14 11 28 25 24 13 18 7 5 20 22 19 16 17 26 15
31 30 21 8 10 27 17 20 3 0 9 2 6 23 12 29 14 11 1 16 18 7 4 5 22 19 28 25 24 13 26 15
31 30 21 8 10 27 1 4 3 0 9 2 6 23 12 29 14 11 5 20 18 7 16 17 22 19 28 25 24 13 26 15
31 30 12 29 9 0 10 27 19 4 17 18 5 8 6 23 14 13 24 11 26 25 20 7 1 16 2 3 22 21 28 15
31 30 12 29 9 0 10 27 19 4 1 2 5 8 6 23 14 13 24 11 26 25 20 7 3 18 16 17 22 21 28 15
31 30 12 29 19 8 17 18 5 0 6 23 9 4 10 27 14 13 20 7 1 16 2 3 22 21 24 11 26 25 28 15
31 30 12 29 19 8 1 2 5 0 6 23 9 4 10 27 14 13 20 7 3 18 16 17 22 21 24 11 26 25 28 15
31 18 28 17 3 6 24 5 7 14 16 13 10 9 4 11 15 0 1 2 27 30 12 29 19 26 8 25 22 21 20 23
31 18 28 17 3 6 16 5 7 14 20 13 10 9 8 11 15 0 1 2 27 30 4 29 19 26 12 25 22 21 24 23
31 28 17 18 3 24 5 6 7 16 13 14 9 4 10 11 15 2 0 1 27 12 29 30 19 8 25 26 21 20 22 23
31 28 17 18 3 16 5 6 7 20 13 14 9 8 10 11 15 2 0 1 27 4 29 30 19 12 25 26 21 24 22 23
31 20 5 6 26 17 24 3 7 14 12 9 16 11 2 13 15 0 29 30 1 4 10 27 21 28 22 19 8 25 18 23
31 20 5 6 26 17 16 3 7 14 12 9 18 11 8 13 15 0 29 30 1 4 2 27 21 28 22 19 10 25 24 23
31 26 5 24 17 20 3 6 7 16 9 2 11 14 12 13 15 4 29 10 0 1 27 30 21 8 19 18 25 28 22 23
31 26 5 16 17 20 3 6 7 18 9 8 11 14 12 13 15 4 29 2 0 1 27 30 21 10 19 24 25 28 22 23
31 6 20 5 25 24 18 3 7 12 13 10 16 1 11 14 15 30 0 29 2 9 4 27 22 21 28 19 8 17 26 23
31 6 20 5 25 16 18 3 7 12 13 10 17 8 11 14 15 30 0 29 2 1 4 27 22 21 28 19 9 24 26 23
31 6 25 24 18 3 20 5 7 10 16 1 11 12 13 14 15 30 4 9 0 27 2 29 22 19 8 17 26 21 28 23
31 6 25 16 18 3 20 5 7 10 17 8 11 12 13 14 15 30 4 1 0 27 2 29 22 19 9 24 26 21 28 23
31 6 28 5 27 0 1 2 19 26 20 25 7 14 24 13 3 18 4 17 15 30 16 29 10 9 8 11 22 21 12 23
31 6 28 5 27 0 1 2 19 26 4 25 7 14 8 13 3 18 12 17 15 30 24 29 10 9 16 11 22 21 20 23
31 28 5 6 27 2 0 1 19 20 25 26 7 24 13 14 3 4 17 18 15 16 29 30 9 8 10 11 21 12 22 23
31 28 5 6 27 2 0 1 19 4 25 26 7 8 13 14 3 12 17 18 15 24 29 30 9 16 10 11 21 20 22 23
31 20 17 18 27 0 29 30 19 26 24 9 21 28 22 7 14 5 12 3 1 16 10 15 4 11 2 25 8 13 6 23
31 20 17 18 27 0 29 30 19 26 24 9 21 28 22 7 14 5 4 3 1 16 2 15 6 11 8 25 10 13 12 23
31 14 17 12 27 16 29 10 19 4 9 2 21 8 7 6 5 20 3 18 0 1 15 30 11 26 24 25 13 28 22 23
31 14 17 4 27 16 29 2 19 6 9 8 21 10 7 12 5 20 3 18 0 1 15 30 11 26 24 25 13 28 22 23
31 18 20 17 27 30 0 29 19 24 25 10 22 21 28 7 13 12 6 3 2 9 16 15 4 1 11 26 8 5 14 23
31 18 20 17 27 30 0 29 19 24 25 10 22 21 28 7 13 4 6 3 2 1 16 15 5 8 11 26 9 12 14 23
31 18 13 12 27 30 16 9 19 10 4 1 22 7 8 5 6 3 20 17 0 15 2 29 11 24 25 26 14 21 28 23
31 18 13 4 27 30 16 1 19 10 5 8 22 7 9 12 6 3 20 17 0 15 2 29 11 24 25 26 14 21 28 23
31 6 29 0 26 3 1 4 21 28 7 14 18 25 24 11 5 20 15 30 2 17 16 27 12 9 22 19 8 13 10 23
31 6 29 0 26 3 1 4 21 28 7 14 2 25 8 11 5 20 15 30 10 17 24 27 12 9 22 19 16 13 18 23
31 26 29 4 3 6 0 1 21 18 7 24 25 28 11 14 5 2 15 16 17 20 27 30 9 8 19 10 12 13 22 23
31 26 29 4 3 6 0 1 21 2 7 8 25 28 11 14 5 10 15 24 17 20 27 30 9 16 19 18 12 13 22 23
31 18 29 0 17 20 27 30 21 28 19 26 24 9 22 7 14 3 1 16 10 5 12 15 2 13 8 11 4 25 6 23
31 18 29 0 17 20 27 30 21 28 19 26 24 9 22 7 14 3 1 16 2 5 4 15 6 13 12 11 8 25 10 23
31 14 29 16 17 10 27 12 21 2 19 8 9 4 7 6 3 18 0 1 5 20 15 30 13 28 11 26 24 25 22 23
31 14 29 16 17 2 27 4 21 6 19 12 9 8 7 10 3 18 0 1 5 20 15 30 13 28 11 26 24 25 22 23
31 20 29 30 18 17 0 27 21 24 22 19 25 12 26 7 11 10 4 9 6 5 16 15 2 1 8 3 13 28 14 23
31 20 29 30 18 17 0 27 21 24 22 19 25 12 26 7 11 2 4 1 6 5 16 15 3 8 9 10 13 28 14 23
31 20 29 30 11 10 16 9 21 12 22 7 2 1 8 3 6 5 0 15 18 17 4 27 13 24 14 19 25 28 26 23
31 20 29 30 11 2 16 1 21 12 22 7 3 8 9 10 6 5 0 15 18 17 4 27 13 24 14 19 25 28 26 23
31 30 5 0 25 2 3 4 22 7 28 13 17 24 26 11 6 15 20 29 1 16 18 27 12 21 10 19 8 9 14 23
31 30 5 0 25 2 3 4 22 7 28 13 1 8 26 11 6 15 20 29 9 24 18 27 12 21 10 19 16 17 14 23
31 30 25 4 3 0 5 2 22 7 17 24 26 11 28 13 6 15 1 16 18 27 20 29 10 19 8 9 12 21 14 23
31 30 25 4 3 0 5 2 22 7 1 8 26 11 28 13 6 15 9 24 18 27 20 29 10 19 16 17 12 21 14 23
31 30 17 0 18 27 20 29 22 19 28 25 24 21 10 7 13 2 3 16 9 12 6 15 1 8 14 11 4 5 26 23
31 30 17 0 18 27 20 29 22 19 28 25 24 21 10 7 13 2 3 16 1 4 6 15 5 12 14 11 8 9 26 23
31 30 13 16 18 27 9 12 22 19 1 8 10 7 4 5 3 0 17 2 6 15 20 29 14 11 28 25 24 21 26 23
31 30 13 16 18 27 1 4 22 19 5 12 10 7 8 9 3 0 17 2 6 15 20 29 14 11 28 25 24 21 26 23
31 30 20 29 17 0 18 27 22 21 24 19 26 25 12 7 11 4 9 10 5 16 6 15 1 8 2 3 14 13 28 23
31 30 20 29 17 0 18 27 22 21 24 19 26 25 12 7 11 4 1 2 5 16 6 15 3 10 8 9 14 13 28 23
31 30 20 29 11 16 9 10 22 21 12 7 1 8 2 3 5 0 6 15 17 4 18 27 14 13 24 19 26 25 28 23
31 30 20 29 11 16 1 2 22 21 12 7 3 10 8 9 5 0 6 15 17 4 18 27 14 13 24 19 26 25 28 23
31 18 28 17 11 14 24 13 3 10 16 9 6 5 4 7 15 0 1 2 19 22 12 21 23 30 8 29 26 25 20 27
31 18 28 17 11 14 16 13 3 10 20 9 6 5 8 7 15 0 1 2 19 22 4 21 23 30 12 29 26 25 24 27
31 28 17 18 11 24 13 14 3 16 9 10 5 4 6 7 15 2 0 1 19 12 21 22 23 8 29 30 25 20 26 27
31 28 17 18 11 16 13 14 3 20 9 10 5 8 6 7 15 2 0 1 19 4 21 22 23 12 29 30 25 24 26 27
31 24 9 10 11 14 12 5 22 17 20 3 16 7 2 13 15 0 29 30 25 28 26 19 1 8 6 23 4 21 18 27
31 24 9 10 11 14 12 5 22 17 16 3 18 7 4 13 15 0 29 30 25 28 26 19 1 8 2 23 6 21 20 27
31 22 9 20 11 16 5 2 17 24 3 10 7 14 12 13 15 8 29 6 25 4 19 18 0 1 23 30 21 28 26 27
31 22 9 16 11 18 5 4 17 24 3 10 7 14 12 13 15 8 29 2 25 6 19 20 0 1 23 30 21 28 26 27
31 10 24 9 11 12 13 6 21 20 18 3 16 1 7 14 15 30 0 29 26 25 28 19 2 5 8 23 4 17 22 27
31 10 24 9 11 12 13 6 21 16 18 3 17 4 7 14 15 30 0 29 26 25 28 19 2 1 8 23 5 20 22 27
31 10 21 20 11 6 16 1 18 3 24 9 7 12 13 14 15 30 8 5 26 19 4 17 0 23 2 29 22 25 28 27
31 10 21 16 11 6 17 4 18 3 24 9 7 12 13 14 15 30 8 1 26 19 5 20 0 23 2 29 22 25 28 27
31 10 28 9 19 22 24 21 23 0 1 2 11 14 20 13 3 18 8 17 6 5 4 7 15 30 16 29 26 25 12 27
31 10 28 9 19 22 8 21 23 0 1 2 11 14 4 13 3 18 12 17 6 5 16 7 15 30 20 29 26 25 24 27
31 28 9 10 19 24 21 22 23 2 0 1 11 20 13 14 3 8 17 18 5 4 6 7 15 16 29 30 25 12 26 27
31 28 9 10 19 8 21 22 23 2 0 1 11 4 13 14 3 12 17 18 5 16 6 7 15 20 29 30 25 24 26 27
31 24 17 18 19 22 20 5 23 0 29 30 25 28 26 11 14 9 12 3 8 7 2 21 1 16 6 15 4 13 10 27
31 24 17 18 19 22 20 5 23 0 29 30 25 28 26 11 14 9 8 3 10 7 4 21 1 16 2 15 6 13 12 27
31 14 17 12 19 8 5 2 23 16 29 6 25 4 11 10 9 24 3 18 7 22 20 21 0 1 15 30 13 28 26 27
31 14 17 8 19 10 5 4 23 16 29 2 25 6 11 12 9 24 3 18 7 22 20 21 0 1 15 30 13 28 26 27
31 18 24 17 19 20 21 6 23 30 0 29 26 25 28 11 13 12 10 3 8 1 7 22 2 5 16 15 4 9 14 27
31 18 24 17 19 20 21 6 23 30 0 29 26 25 28 11 13 8 10 3 9 4 7 22 2 1 16 15 5 12 14 27
31 18 13 12 19 6 8 1 23 30 16 5 26 11 4 9 10 3 24 17 7 20 21 22 0 15 2 29 14 25 28 27
31 18 13 8 19 6 9 4 23 30 16 1 26 11 5 12 10 3 24 17 7 20 21 22 0 15 2 29 14 25 28 27
31 10 29 0 25 28 11 14 22 3 1 8 18 21 20 7 9 24 15 30 12 5 26 19 2 17 16 23 4 13 6 27
31 10 29 0 25 28 11 14 22 3 1 8 2 21 4 7 9 24 15 30 12 5 26 19 6 17 20 23 16 13 18 27
31 22 29 8 25 18 11 20 3 10 0 1 21 28 7 14 9 2 15 16 5 4 19 6 17 24 23 30 12 13 26 27
31 22 29 8 25 2 11 4 3 10 0 1 21 28 7 14 9 6 15 20 5 16 19 18 17 24 23 30 12 13 26 27
31 18 29 0 25 28 19 22 17 24 23 30 20 5 26 11 14 3 1 16 10 13 12 7 2 9 8 15 4 21 6 27
31 18 29 0 25 28 19 22 17 24 23 30 20 5 26 11 14 3 1 16 2 13 4 7 6 9 12 15 8 21 10 27
31 14 29 16 25 10 19 12 17 2 23 8 5 4 11 6 3 18 0 1 13 28 7 22 9 24 15 30 20 21 26 27
31 14 29 16 25 2 19 4 17 6 23 12 5 8 11 10 3 18 0 1 13 28 7 22 9 24 15 30 20 21 26 27
31 24 29 30 25 20 26 19 18 17 0 23 21 12 22 11 7 6 8 5 2 1 4 3 10 9 16 15 13 28 14 27
31 24 29 30 25 20 26 19 18 17 0 23 21 12 22 11 7 2 8 1 3 4 5 6 10 9 16 15 13 28 14 27
31 24 29 30 25 12 26 11 7 6 16 5 2 1 4 3 10 9 0 15 13 20 14 19 18 17 8 23 21 28 22 27
31 24 29 30 25 12 26 11 7 2 16 1 3 4 5 6 10 9 0 15 13 20 14 19 18 17 8 23 21 28 22 27
31 30 9 0 26 11 28 13 21 2 3 8 17 20 22 7 10 15 24 29 12 25 6 19 1 16 18 23 4 5 14 27
31 30 9 0 26 11 28 13 21 2 3 8 1 4 22 7 10 15 24 29 12 25 6 19 5 20 18 23 16 17 14 27
31 30 21 8 26 11 17 20 3 0 9 2 22 7 28 13 10 15 1 16 6 19 4 5 18 23 24 29 12 25 14 27
31 30 21 8 26 11 1 4 3 0 9 2 22 7 28 13 10 15 5 20 6 19 16 17 18 23 24 29 12 25 14 27
31 30 17 0 26 19 28 21 18 23 24 29 20 25 6 11 13 2 3 16 9 12 14 7 1 8 10 15 4 5 22 27
31 30 17 0 26 19 28 21 18 23 24 29 20 25 6 11 13 2 3 16 1 4 14 7 5 12 10 15 8 9 22 27
31 30 13 16 26 19 9 12 18 23 1 8 6 11 4 5 3 0 17 2 14 7 28 21 10 15 24 29 20 25 22 27
31 30 13 16 26 19 1 4 18 23 5 12 6 11 8 9 3 0 17 2 14 7 28 21 10 15 24 29 20 25 22 27
31 30 24 29 26 25 20 19 17 0 18 23 22 21 12 11 7 8 5 6 1 4 2 3 9 16 10 15 14 13 28 27
31 30 24 29 26 25 20 19 17 0 18 23 22 21 12 11 7 8 1 2 3 6 4 5 9 16 10 15 14 13 28 27
31 30 24 29 26 25 12 11 7 16 5 6 1 4 2 3 9 0 10 15 14 13 20 19 17 8 18 23 22 21 28 27
31 30 24 29 26 25 12 11 7 16 1 2 3 6 4 5 9 0 10 15 14 13 20 19 17 8 18 23 22 21 28 27
31 20 13 14 26 17 24 11 5 12 6 3 16 9 2 7 15 0 21 22 1 4 10 19 23 30 28 25 8 27 18 29
31 20 13 14 26 17 16 11 5 12 6 3 18 9 8 7 15 0 21 22 1 4 2 19 23 30 28 25 10 27 24 29
31 26 13 24 17 20 11 14 5 16 3 2 9 12 6 7 15 4 21 10 0 1 19 22 23 8 25 18 27 30 28 29
31 26 13 16 17 20 11 14 5 18 3 8 9 12 6 7 15 4 21 2 0 1 19 22 23 10 25 24 27 30 28 29
31 24 13 14 9 12 10 3 22 17 20 7 16 5 2 11 15 0 25 26 27 30 28 21 1 8 6 19 4 23 18 29
31 24 13 14 9 12 10 3 22 17 16 7 18 5 4 11 15 0 25 26 27 30 28 21 1 8 2 19 6 23 20 29
31 22 13 20 9 16 3 2 17 24 7 14 5 12 10 11 15 8 25 6 27 4 21 18 0 1 19 26 23 30 28 29
31 22 13 16 9 18 3 4 17 24 7 14 5 12 10 11 15 8 25 2 27 6 21 20 0 1 19 26 23 30 28 29
31 12 13 10 24 9 11 6 19 18 16 1 20 5 7 14 15 30 28 25 0 27 26 21 4 3 2 17 8 23 22 29
31 12 13 10 24 9 11 6 19 16 17 2 20 5 7 14 15 30 28 25 0 27 26 21 4 1 3 18 8 23 22 29
31 12 13 6 19 18 16 1 20 5 7 10 24 9 11 14 15 30 28 21 8 3 2 17 0 23 22 25 4 27 26 29
31 12 13 6 19 16 17 2 20 5 7 10 24 9 11 14 15 30 28 21 8 1 3 18 0 23 22 25 4 27 26 29
31 12 21 22 26 9 24 19 23 0 13 14 1 4 18 11 5 20 6 3 8 17 2 7 15 30 28 25 16 27 10 29
31 12 21 22 26 9 8 19 23 0 13 14 1 4 2 11 5 20 6 3 10 17 16 7 15 30 28 25 18 27 24 29
31 26 21 24 9 12 19 22 23 4 13 18 0 1 11 14 5 8 3 2 17 20 6 7 15 16 25 10 27 30 28 29
31 26 21 8 9 12 19 22 23 4 13 2 0 1 11 14 5 10 3 16 17 20 6 7 15 18 25 24 27 30 28 29
31 24 21 22 17 20 18 3 23 0 25 26 27 30 28 13 14 9 12 7 8 5 2 19 1 16 6 11 4 15 10 29
31 24 21 22 17 20 18 3 23 0 25 26 27 30 28 13 14 9 8 7 10 5 4 19 1 16 2 11 6 15 12 29
31 14 21 12 17 8 3 2 23 16 25 6 27 4 13 10 9 24 7 22 5 20 18 19 0 1 11 26 15 30 28 29
31 14 21 8 17 10 3 4 23 16 25 2 27 6 13 12 9 24 7 22 5 20 18 19 0 1 11 26 15 30 28 29
31 20 21 18 24 17 19 6 23 30 28 25 0 27 26 13 11 10 8 1 12 5 7 22 4 3 2 9 16 15 14 29
31 20 21 18 24 17 19 6 23 30 28 25 0 27 26 13 11 8 9 2 12 5 7 22 4 1 3 10 16 15 14 29
31 20 21 6 11 10 8 1 23 30 28 13 16 3 2 9 12 5 7 18 24 17 19 22 0 15 14 25 4 27 26 29
31 20 21 6 11 8 9 2 23 30 28 13 16 1 3 10 12 5 7 18 24 17 19 22 0 15 14 25 4 27 26 29
31 12 25 26 27 0 13 14 22 5 20 19 1 8 18 7 9 24 10 3 15 30 28 21 4 17 2 11 16 23 6 29
31 12 25 26 27 0 13 14 22 5 4 19 1 8 2 7 9 24 10 3 15 30 28 21 6 17 16 11 18 23 20 29
31 22 25 20 27 8 13 18 5 12 19 26 0 1 7 14 9 4 3 2 15 16 21 6 17 24 10 11 23 30 28 29
31 22 25 4 27 8 13 2 5 12 19 26 0 1 7 14 9 6 3 16 15 18 21 20 17 24 10 11 23 30 28 29
31 20 25 26 27 0 21 22 17 24 18 3 23 30 28 13 14 5 12 11 1 16 10 7 4 9 2 19 8 15 6 29
31 20 25 26 27 0 21 22 17 24 18 3 23 30 28 13 14 5 4 11 1 16 2 7 6 9 8 19 10 15 12 29
31 14 25 12 27 16 21 10 17 4 3 2 23 8 13 6 5 20 11 26 0 1 7 22 9 24 18 19 15 30 28 29
31 14 25 4 27 16 21 2 17 6 3 8 23 10 13 12 5 20 11 26 0 1 7 22 9 24 18 19 15 30 28 29
31 24 25 18 27 30 28 21 20 17 19 10 0 23 22 13 7 6 4 1 8 3 2 5 12 9 11 26 16 15 14 29
31 24 25 18 27 30 28 21 20 17 19 10 0 23 22 13 7 4 5 2 8 1 3 6 12 9 11 26 16 15 14 29
31 24 25 10 27 30 28 13 7 6 4 1 16 3 2 5 12 9 11 18 0 15 14 21 20 17 19 26 8 23 22 29
31 24 25 10 27 30 28 13 7 4 5 2 16 1 3 6 12 9 11 18 0 15 14 21 20 17 19 26 8 23 22 29
31 30 28 13 9 0 26 11 19 4 17 18 5 8 22 7 12 15 10 25 24 27 6 21 1 16 2 3 20 23 14 29
31 30 28 13 9 0 26 11 19 4 1 2 5 8 22 7 12 15 10 25 24 27 6 21 3 18 16 17 20 23 14 29
31 30 28 13 19 8 17 18 5 0 22 7 9 4 26 11 12 15 6 21 1 16 2 3 20 23 10 25 24 27 14 29
31 30 28 13 19 8 1 2 5 0 22 7 9 4 26 11 12 15 6 21 3 18 16 17 20 23 10 25 24 27 14 29
31 30 28 21 17 0 26 19 20 23 18 25 24 27 6 13 11 4 9 10 5 16 14 7 1 8 2 3 12 15 22 29
31 30 28 21 17 0 26 19 20 23 18 25 24 27 6 13 11 4 1 2 5 16 14 7 3 10 8 9 12 15 22 29
31 30 28 21 11 16 9 10 20 23 6 13 1 8 2 3 5 0 14 7 17 4 26 19 12 15 18 25 24 27 22 29
31 30 28 21 11 16 1 2 20 23 6 13 3 10 8 9 5 0 14 7 17 4 26 19 12 15 18 25 24 27 22 29
31 30 28 25 24 27 18 21 17 0 22 19 20 23 10 13 7 8 5 6 1 4 2 3 9 16 14 11 12 15 26 29
31 30 28 25 24 27 18 21 17 0 22 19 20 23 10 13 7 8 1 2 3 6 4 5 9 16 14 11 12 15 26 29
31 30 28 25 24 27 10 13 7 16 5 6 1 4 2 3 9 0 14 11 12 15 18 21 17 8 22 19 20 23 26 29
31 30 28 25 24 27 10 13 7 16 1 2 3 6 4 5 9 0 14 11 12 15 18 21 17 8 22 19 20 23 26 29
31 14 20 13 25 24 18 11 6 5 12 3 16 1 10 7 15 22 0 21 2 9 4 19 23 28 29 26 8 17 27 30
31 14 20 13 25 16 18 11 6 5 12 3 17 8 10 7 15 22 0 21 2 1 4 19 23 28 29 26 9 24 27 30
31 14 25 24 18 11 20 13 6 3 16 1 10 5 12 7 15 22 4 9 0 19 2 21 23 26 8 17 27 28 29 30
31 14 25 16 18 11 20 13 6 3 17 8 10 5 12 7 15 22 4 1 0 19 2 21 23 26 9 24 27 28 29 30
31 14 24 13 10 9 12 3 21 20 18 7 16 1 6 11 15 26 0 25 27 28 29 22 2 5 8 19 4 17 23 30
31 14 24 13 10 9 12 3 21 16 18 7 17 4 6 11 15 26 0 25 27 28 29 22 2 1 8 19 5 20 23 30
31 14 21 20 10 3 16 1 18 7 24 13 6 9 12 11 15 26 8 5 27 22 4 17 0 19 2 25 23 28 29 30
31 14 21 16 10 3 17 4 18 7 24 13 6 9 12 11 15 26 8 1 27 22 5 20 0 19 2 25 23 28 29 30
31 14 12 9 24 11 10 5 19 18 16 1 20 7 6 13 15 28 29 26 0 25 27 22 4 3 2 17 8 21 23 30
31 14 12 9 24 11 10 5 19 16 17 2 20 7 6 13 15 28 29 26 0 25 27 22 4 1 3 18 8 21 23 30
31 14 12 5 19 18 16 1 20 7 6 9 24 11 10 13 15 28 29 22 8 3 2 17 0 21 23 26 4 25 27 30
31 14 12 5 19 16 17 2 20 7 6 9 24 11 10 13 15 28 29 22 8 1 3 18 0 21 23 26 4 25 27 30
31 22 12 21 25 24 10 19 23 14 0 13 2 17 4 11 6 5 20 3 8 1 18 7 15 28 29 26 16 9 27 30
31 22 12 21 25 8 10 19 23 14 0 13 2 1 4 11 6 5 20 3 9 16 18 7 15 28 29 26 17 24 27 30
31 22 25 24 10 19 12 21 23 14 4 17 0 11 2 13 6 3 8 1 18 5 20 7 15 26 16 9 27 28 29 30
31 22 25 8 10 19 12 21 23 14 4 1 0 11 2 13 6 3 9 16 18 5 20 7 15 26 17 24 27 28 29 30
31 22 24 21 18 17 20 3 23 26 0 25 27 28 29 14 13 12 10 7 8 1 6 19 2 5 16 11 4 9 15 30
31 22 24 21 18 17 20 3 23 26 0 25 27 28 29 14 13 8 10 7 9 4 6 19 2 1 16 11 5 12 15 30
31 22 13 12 18 3 8 1 23 26 16 5 27 14 4 9 10 7 24 21 6 17 20 19 0 11 2 25 15 28 29 30
31 22 13 8 18 3 9 4 23 26 16 1 27 14 5 12 10 7 24 21 6 17 20 19 0 11 2 25 15 28 29 30
31 22 20 17 24 19 18 5 23 28 29 26 0 25 27 14 11 10 8 1 12 7 6 21 4 3 2 9 16 13 15 30
31 22 20 17 24 19 18 5 23 28 29 26 0 25 27 14 11 8 9 2 12 7 6 21 4 1 3 10 16 13 15 30
31 22 20 5 11 10 8 1 23 28 29 14 16 3 2 9 12 7 6 17 24 19 18 21 0 13 15 26 4 25 27 30
31 22 20 5 11 8 9 2 23 28 29 14 16 1 3 10 12 7 6 17 24 19 18 21 0 13 15 26 4 25 27 30
31 26 12 25 27 14 0 13 21 20 6 19 2 17 8 7 10 9 24 3 15 28 29 22 4 1 18 11 16 5 23 30
31 26 12 25 27 14 0 13 21 4 6 19 2 1 8 7 10 9 24 3 15 28 29 22 5 16 18 11 17 20 23 30
31 26 21 20 27 14 8 17 6 19 12 25 0 7 2 13 10 3 4 1 15 22 16 5 18 9 24 11 23 28 29 30
31 26 21 4 27 14 8 1 6 19 12 25 0 7 2 13 10 3 5 16 15 22 17 20 18 9 24 11 23 28 29 30
31 26 20 25 27 22 0 21 18 17 24 3 23 28 29 14 13 12 6 11 2 9 16 7 4 1 10 19 8 5 15 30
31 26 20 25 27 22 0 21 18 17 24 3 23 28 29 14 13 4 6 11 2 1 16 7 5 8 10 19 9 12 15 30
31 26 13 12 27 22 16 9 18 3 4 1 23 14 8 5 6 11 20 25 0 7 2 21 10 17 24 19 15 28 29 30
31 26 13 4 27 22 16 1 18 3 5 8 23 14 9 12 6 11 20 25 0 7 2 21 10 17 24 19 15 28 29 30
31 26 24 17 27 28 29 22 20 19 18 9 0 21 23 14 7 6 4 1 8 3 2 5 12 11 10 25 16 13 15 30
31 26 24 17 27 28 29 22 20 19 18 9 0 21 23 14 7 4 5 2 8 1 3 6 12 11 10 25 16 13 15 30
31 26 24 9 27 28 29 14 7 6 4 1 16 3 2 5 12 11 10 17 0 13 15 22 20 19 18 25 8 21 23 30
31 26 24 9 27 28 29 14 7 4 5 2 16 1 3 6 12 11 10 17 0 13 15 22 20 19 18 25 8 21 23 30
31 28 29 14 10 25 0 11 19 18 4 17 6 21 8 7 12 9 15 26 24 5 27 22 2 1 16 3 20 13 23 30
31 28 29 14 10 25 0 11 19 2 4 1 6 21 8 7 12 9 15 26 24 5 27 22 3 16 17 18 20 13 23 30
31 28 29 14 19 18 8 17 6 21 0 7 10 25 4 11 12 5 15 22 2 1 16 3 20 9 23 26 24 13 27 30
31 28 29 14 19 2 8 1 6 21 0 7 10 25 4 11 12 5 15 22 3 16 17 18 20 9 23 26 24 13 27 30
31 28 29 22 18 25 0 19 20 17 23 26 24 5 27 14 11 10 4 9 6 13 16 7 2 1 8 3 12 21 15 30
31 28 29 22 18 25 0 19 20 17 23 26 24 5 27 14 11 2 4 1 6 13 16 7 3 8 9 10 12 21 15 30
31 28 29 22 11 10 16 9 20 5 23 14 2 1 8 3 6 13 0 7 18 25 4 19 12 17 15 26 24 21 27 30
31 28 29 22 11 2 16 1 20 5 23 14 3 8 9 10 6 13 0 7 18 25 4 19 12 17 15 26 24 21 27 30
31 28 29 26 24 17 27 22 18 21 0 19 20 9 23 14 7 6 8 5 2 1 4 3 10 13 16 11 12 25 15 30
31 28 29 26 24 17 27 22 18 21 0 19 20 9 23 14 7 2 8 1 3 4 5 6 10 13 16 11 12 25 15 30
31 28 29 26 24 9 27 14 7 6 16 5 2 1 4 3 10 13 0 11 12 17 15 22 18 21 8 19 20 25 23 30
31 28 29 26 24 9 27 14 7 2 16 1 3 4 5 6 10 13 0 11 12 17 15 22 18 21 8 19 20 25 23 30
